{"dataset": "waymo", "scene_id": 796, "scene_name": "segment-990914685337955114_980_000_1000_000_with_camera_labels", "num_timesteps": 198, "camera_list": ["0", "1", "2", "3", "4"], "normalized_time": [0.0, 0.1, 0.2, 0.3, 0.4, 0.5, 0.6, 0.7, 0.8, 0.9, 1.0, 1.1, 1.2, 1.3, 1.4, 1.5, 1.6, 1.7, 1.8, 1.9, 2.0, 2.1, 2.2, 2.3, 2.4, 2.5, 2.6, 2.7, 2.8, 2.9, 3.0, 3.1, 3.2, 3.3, 3.4, 3.5, 3.6, 3.7, 3.8, 3.9, 4.0, 4.1, 4.2, 4.3, 4.4, 4.5, 4.6, 4.7, 4.8, 4.9, 5.0, 5.1, 5.2, 5.3, 5.4, 5.5, 5.6, 5.7, 5.8, 5.9, 6.0, 6.1, 6.2, 6.3, 6.4, 6.5, 6.6, 6.7, 6.8, 6.9, 7.0, 7.1, 7.2, 7.3, 7.4, 7.5, 7.6, 7.7, 7.8, 7.9, 8.0, 8.1, 8.2, 8.3, 8.4, 8.5, 8.6, 8.7, 8.8, 8.9, 9.0, 9.1, 9.2, 9.3, 9.4, 9.5, 9.6, 9.7, 9.8, 9.9, 10.0, 10.1, 10.2, 10.3, 10.4, 10.5, 10.6, 10.7, 10.8, 10.9, 11.0, 11.1, 11.2, 11.3, 11.4, 11.5, 11.6, 11.7, 11.8, 11.9, 12.0, 12.1, 12.2, 12.3, 12.4, 12.5, 12.6, 12.7, 12.8, 12.9, 13.0, 13.1, 13.2, 13.3, 13.4, 13.5, 13.6, 13.7, 13.8, 13.9, 14.0, 14.1, 14.2, 14.3, 14.4, 14.5, 14.6, 14.7, 14.8, 14.9, 15.0, 15.1, 15.2, 15.3, 15.4, 15.5, 15.6, 15.7, 15.8, 15.9, 16.0, 16.1, 16.2, 16.3, 16.4, 16.5, 16.6, 16.7, 16.8, 16.9, 17.0, 17.1, 17.2, 17.3, 17.4, 17.5, 17.6, 17.7, 17.8, 17.9, 18.0, 18.1, 18.2, 18.3, 18.4, 18.5, 18.6, 18.7, 18.8, 18.9, 19.0, 19.1, 19.2, 19.3, 19.4, 19.5, 19.6, 19.7], "normalized_intrinsics": {"0": [1.0760852812653638, 1.6141279218980458, 0.4971965468813711, 0.5072499859713261], "1": [1.0714336048044208, 1.6071504072066312, 0.5112488553103808, 0.5005822834492333], "2": [1.067119656762737, 1.6006794851441053, 0.49226577388679255, 0.4929978469775671], "3": [1.0787773443175446, 2.337756773238923, 0.502880797268437, 0.2763063252339018], "4": [1.0748925209023337, 2.329338194280452, 0.5118216810459222, 0.25624083627281696]}, "camera_to_ego": {"0": [[0.9998842873191989, -0.0024402666225806988, 0.015015227969911943, 1.5389990840669499], [0.002560104988162815, 0.9999649851086498, -0.007967083475600458, -0.023573164304480632], [-0.014995260405451157, 0.008004602143037503, 0.9998555238182686, 2.115384290448616], [0.0, 0.0, 0.0, 1.0]], "1": [[0.718026611157686, -0.6959597957041816, 0.008817507176236696, 1.492768092127657], [0.6959181048595154, 0.7180804580838422, 0.007645066830298392, 0.09188386825351309], [-0.011652338741628897, 0.000646901455438632, 0.9999318999413697, 2.1150114403293925], [0.0, 0.0, 0.0, 1.0]], "2": [[0.7164452330835464, 0.6976372776735257, -0.00290805641879582, 1.4905599043950848], [-0.6976364192340506, 0.7164504681797242, 0.001467379755150582, -0.09390150748070432], [0.0031071772004358147, 0.0009774688362383767, 0.999994694988188, 2.1157584813144563], [0.0, 0.0, 0.0, 1.0]], "3": [[0.004228593556574258, -0.9999908764017675, 0.0006050700439783404, 1.4312924314965867], [0.9998715975152174, 0.004237440134424988, 0.015454209247788318, 0.11111617069514346], [-0.015456632197880632, 0.0005396427818340781, 0.9998803935005264, 2.1150525835808596], [0.0, 0.0, 0.0, 1.0]], "4": [[-0.004455252331979332, 0.9999900434506952, -0.0002524403592420155, 1.4286445077785184], [-0.9999717124550628, -0.004453640529595324, 0.00606130148749891, -0.1116662927794725], [0.006060116859236573, 0.00027943784591101875, 0.9999815982797596, 2.1159483894553066], [0.0, 0.0, 0.0, 1.0]]}, "ego_to_world": [[[-0.8436173559997825, -0.5369440355300293, 0.0009270192354945404, -25832.554037327885], [0.5369381252180163, -0.8435969239840693, 0.00645596870952176, 42363.018620870294], [-0.002684463316608952, 0.005944119223491552, 0.9999787303254798, -208.16], [0.0, 0.0, 0.0, 1.0]], [[-0.8454966740486528, -0.5339759519702431, -0.002248753018626498, -25833.11342240581], [0.5339296555422304, -0.8454665954261407, 0.010264450841902575, 42363.376008983185], [-0.007382215468369093, 0.007477883123129725, 0.9999447905553464, -208.156], [0.0, 0.0, 0.0, 1.0]], [[-0.8473232172132328, -0.531067868797043, -0.003206914838815649, -25833.67610041366], [0.5310010820583894, -0.8472882351156437, 0.011853163604605085, 42363.732038938055], [-0.009012015547946579, 0.008340585470128566, 0.9999246062627818, -208.16], [0.0, 0.0, 0.0, 1.0]], [[-0.8490670770713923, -0.5282849916940684, -0.00025726297879027915, -25834.24362188926], [0.528247157822505, -0.8490119014620124, 0.01156423055389164, 42364.085789114506], [-0.006327628772909453, 0.009682908997613546, 0.9999330989558531, -208.169], [0.0, 0.0, 0.0, 1.0]], [[-0.8508483430943125, -0.5254033989457885, 0.002892305287449951, -25834.812169137433], [0.5254034873024637, -0.8507925680719942, 0.010157836574336176, 42364.44132200648], [-0.0028762100189343187, 0.010162405703066299, 0.9999442249076962, -208.178], [0.0, 0.0, 0.0, 1.0]], [[-0.8524585152290614, -0.5227814843959442, 0.003741575368402853, -25835.381603415175], [0.522792025262381, -0.8524084143214997, 0.009401782595047337, 42364.79484502161], [-0.0017257275341621416, 0.00997069539599965, 0.9999488022382936, -208.181], [0.0, 0.0, 0.0, 1.0]], [[-0.8531956791899208, -0.52159065070131, -0.0005710627229586294, -25835.95433401698], [0.5215570919886778, -0.8531522397048138, 0.010462107004502303, 42365.14398306026], [-0.005944140641289175, 0.008628382678334533, 0.9999451075956083, -208.17600000000002], [0.0, 0.0, 0.0, 1.0]], [[-0.8533494872192581, -0.5213044230846621, -0.006029190243886119, -25836.526832612064], [0.5212015328840508, -0.853332790852015, 0.013119076797813854, 42365.49243709409], [-0.011983938498880808, 0.008052734261041508, 0.999895763911907, -208.173], [0.0, 0.0, 0.0, 1.0]], [[-0.8537597382319496, -0.5205767412104872, -0.009703910798340596, -25837.1006393424], [0.5204411764113436, -0.8537900001132388, 0.01355055726576128, 42365.84651909287], [-0.015339206944610172, 0.006518605472434274, 0.9998610986097045, -208.177], [0.0, 0.0, 0.0, 1.0]], [[-0.8541479982984344, -0.5199630750002495, -0.00834251994678907, -25837.680266710522], [0.519891894744314, -0.8541809700891649, 0.009342810963532323, 42366.201697498975], [-0.011983938498880808, 0.003642934780903398, 0.9999215540452346, -208.191], [0.0, 0.0, 0.0, 1.0]], [[-0.8540441040647783, -0.5201952247408224, -0.0023656857431811414, -25838.266200493174], [0.520165537646677, -0.8540305053351261, 0.007727185889623107, 42366.55162339002], [-0.0060400129911796965, 0.005368809353540266, 0.9999673465314713, -208.207], [0.0, 0.0, 0.0, 1.0]], [[-0.8541586094817574, -0.5200092959074608, 0.0018444560221343358, -25838.84333949594], [0.5200108347516621, -0.8541595463284376, 0.0004485051585490714, 42366.91271213999], [0.0013422328673810522, 0.0013422316583044758, 0.9999981984109297, -208.219], [0.0, 0.0, 0.0, 1.0]], [[-0.8540929501346284, -0.52001119990405, 0.010657603139430082, -25839.422534565783], [0.5200830681151837, -0.8540978415832993, 0.00552080271761415, 42367.25682549672], [0.006231756592218552, 0.010258117619707154, 0.9999279655218549, -208.225], [0.0, 0.0, 0.0, 1.0]], [[-0.8538080457365581, -0.5205279560375698, 0.00790367122731285, -25839.987918025156], [0.5205828719584011, -0.8537684044467281, 0.008543125425226835, 42367.609923471246], [0.0023009691572484854, 0.011408705090324728, 0.9999322712009546, -208.216], [0.0, 0.0, 0.0, 1.0]], [[-0.8529830714134315, -0.5219207197484518, -0.004317659014690194, -25840.550961443285], [0.5218764451848467, -0.8529799858150386, 0.008373754247908996, 42367.95535023747], [-0.008053312569169932, 0.004889386079535859, 0.9999556180453354, -208.201], [0.0, 0.0, 0.0, 1.0]], [[-0.851247602692154, -0.5246655510809564, -0.01017734836669132, -25841.119989124894], [0.5246360147864287, -0.851308245378375, 0.005596725811279399, 42368.29540028651], [-0.011600469812676378, -0.0005752040584172157, 0.9999325468452441, -208.202], [0.0, 0.0, 0.0, 1.0]], [[-0.8495261433021757, -0.527350776995067, -0.014369754654492979, -25841.679812919312], [0.5274037743378905, -0.8496147624896938, 0.00011905346899262863, 42368.64869187437], [-0.012271538627189446, -0.007477523806729014, 0.9998967426576812, -208.207], [0.0, 0.0, 0.0, 1.0]], [[-0.8465969928469622, -0.5321276408984452, -0.010663277842018953, -25842.24214562359], [0.5321299796294581, -0.8466578702795323, 0.00285227510579011, 42368.99462585132], [-0.010545922531160148, -0.003259522293522638, 0.9999390776604267, -208.21800000000002], [0.0, 0.0, 0.0, 1.0]], [[-0.8422580377079749, -0.5390385280539378, -0.006234034789404266, -25842.80013291607], [0.5390278884647001, -0.8422809718201959, 0.0034205214387728116, 42369.348189457385], [-0.00709460172231337, -0.00047935693418921536, 0.9999747181020784, -208.23000000000002], [0.0, 0.0, 0.0, 1.0]], [[-0.8373191093498135, -0.5466637880268013, -0.007443922206978478, -25843.351120640174], [0.5466800344215179, -0.8373415720818542, -0.00017784368651603587, 42369.7022002782], [-0.006135884819898878, -0.004218355565539191, 0.99997227781264, -208.235], [0.0, 0.0, 0.0, 1.0]], [[-0.8330733728426487, -0.5529891231174316, -0.01384865243940232, -25843.89245342679], [0.5530673760011249, -0.833133317270006, -0.0023137108518771566, 42370.05616918209], [-0.01025831681143178, -0.009586728768967758, 0.9999014259254292, -208.232], [0.0, 0.0, 0.0, 1.0]], [[-0.8286717914906484, -0.5594054246427536, -0.01919981426837082, -25844.429748791146], [0.5595806923839474, -0.8287609984657761, -0.00496549424648596, 42370.412357748435], [-0.01313433282589583, -0.014858610374810165, 0.9998033361611413, -208.235], [0.0, 0.0, 0.0, 1.0]], [[-0.8239170070275499, -0.5664319658913278, -0.017764952779270832, -25844.967455503353], [0.5665492342001607, -0.8240255145969404, -0.001979020075399635, 42370.774004978404], [-0.013517794123881979, -0.011695268690068612, 0.9998402322032712, -208.243], [0.0, 0.0, 0.0, 1.0]], [[-0.8185618330155736, -0.574192956794585, -0.01609266595925053, -25845.496712577933], [0.5742682429243348, -0.8186671975020223, -7.001986845055902e-05, 42371.144091636445], [-0.01313433282589583, -0.009298822596253455, 0.9998705022149329, -208.25300000000001], [0.0, 0.0, 0.0, 1.0]], [[-0.8120655964198925, -0.5833250551135611, -0.016773407166255607, -25846.024489867938], [0.5834117918887275, -0.8121764354556117, -0.0003446386521238857, 42371.5126716817], [-0.013421929681990666, -0.010065672723530738, 0.9998592571138373, -208.261], [0.0, 0.0, 0.0, 1.0]], [[-0.8057006099872562, -0.5919792315458774, -0.020177127756835687, -25846.542992938463], [0.5921773521229783, -0.8057903766197885, -0.005277554315937626, 42371.88632726767], [-0.01313433282589583, -0.01620056682008183, 0.9997824918130577, -208.268], [0.0, 0.0, 0.0, 1.0]], [[-0.799858530086119, -0.5997806227970108, -0.022125468711488294, -25847.05436933601], [0.6000185654533614, -0.799965814324832, -0.005693594901169755, 42372.26191141069], [-0.014284710699326846, -0.0178297624448059, 0.9997389892423914, -208.275], [0.0, 0.0, 0.0, 1.0]], [[-0.7928386897152805, -0.6090778595142088, -0.020759892585150836, -25847.561979211492], [0.6092526861240822, -0.7929712433543367, -0.0027877703757284693, 42372.64419130533], [-0.014764028621883715, -0.0148582725330702, 0.9997806035306872, -208.284], [0.0, 0.0, 0.0, 1.0]], [[-0.7837916822497101, -0.6208291133602609, -0.01555026818038254, -25848.066585596895], [0.6209190282115767, -0.78387370093921, -0.0012575295849487226, 42373.03275927038], [-0.011408735291905683, -0.010641098635858269, 0.9998782964835577, -208.298], [0.0, 0.0, 0.0, 1.0]], [[-0.7737984000698772, -0.6333896518543825, -0.007320175754874038, -25848.56527453558], [0.6334274158845834, -0.7737849169719382, -0.005158592105384774, 42373.42974280463], [-0.0023968427310167746, -0.00862851032999068, 0.999959901173246, -208.316], [0.0, 0.0, 0.0, 1.0]], [[-0.7638061505807235, -0.6454338804633122, -0.003907721219282518, -25849.047838605213], [0.6454425696858642, -0.7637695508009451, -0.007743546127633784, 42373.82835051099], [0.002013348545398599, -0.008436777784981917, 0.9999623828965976, -208.323], [0.0, 0.0, 0.0, 1.0]], [[-0.7540690337811727, -0.6567616060952945, -0.006639657480449366, -25849.520298606116], [0.656795104706378, -0.7540348562674016, -0.0071851212611230945, 42374.23118020156], [-0.0002876213944907634, -0.009778971977061882, 0.999952143345373, -208.318], [0.0, 0.0, 0.0, 1.0]], [[-0.7442163240190387, -0.6678277891088963, -0.01216992841034321, -25849.985517651567], [0.6679193391128421, -0.7442098603389393, -0.005953168346426521, 42374.64026558721], [-0.005081289467609322, -0.01255897560393108, 0.9999082221029719, -208.312], [0.0, 0.0, 0.0, 1.0]], [[-0.7338067021291242, -0.6792253957255704, -0.013438218327626112, -25850.447344691926], [0.6793160965808759, -0.7338380602157435, -0.003367833861263921, 42375.05296340997], [-0.007573957783145835, -0.01160013707837743, 0.9999040313866436, -208.312], [0.0, 0.0, 0.0, 1.0]], [[-0.7229086264317304, -0.6908240086490189, -0.012857173277555468, -25850.898925103163], [0.6909137836755158, -0.7229252165108009, -0.004156303645587852, 42375.475243008754], [-0.006423500429786138, -0.011887825996032688, 0.9999087049502653, -208.318], [0.0, 0.0, 0.0, 1.0]], [[-0.7114274907705765, -0.7026920983622017, -0.00973346162508214, -25851.34377586023], [0.7027500640312183, -0.7114214931572277, -0.004669751391580535, 42375.899821523555], [-0.0036431963987249745, -0.010162380295306429, 0.9999417248753719, -208.32500000000002], [0.0, 0.0, 0.0, 1.0]], [[-0.6994045676205893, -0.7146671855820901, -0.009168677310871166, -25851.775809481886], [0.7147254761494245, -0.6993619943756993, -0.007764957554474861, 42376.331661451215], [-0.0008628640882971438, -0.011983934037652537, 0.9999278177901374, -208.33], [0.0, 0.0, 0.0, 1.0]], [[-0.6860604913103244, -0.7274595134250635, -0.011120188415938504, -25852.200956462868], [0.7275438702131306, -0.6859998947393185, -0.009168496765721032, 42376.76572342466], [-0.0009587378867845129, -0.014380568313298814, 0.9998961346443194, -208.33], [0.0, 0.0, 0.0, 1.0]], [[-0.6721241705952266, -0.7403062007834849, -0.013993869486361117, -25852.615183123464], [0.7404324857957415, -0.6720745700815578, -0.008689431973849877, 42377.206196828774], [-0.0029720834472962386, -0.01620189282805503, 0.9998643234903276, -208.327], [0.0, 0.0, 0.0, 1.0]], [[-0.65801687270301, -0.7528117520045102, -0.016978259099517983, -25853.01648592975], [0.7529902692246216, -0.6579703609500408, -0.008981011318596455, 42377.654887379824], [-0.00441018040248823, -0.018694120871884608, 0.999815523060952, -208.326], [0.0, 0.0, 0.0, 1.0]], [[-0.6427937812486949, -0.7658058210730272, -0.018910293458103477, -25853.410356686218], [0.766018380015777, -0.6427626594750651, -0.008485579682398398, 42378.10654140614], [-0.005656524198624812, -0.019940110210535336, 0.9997851747944566, -208.327], [0.0, 0.0, 0.0, 1.0]], [[-0.6263417216517739, -0.7793257099242974, -0.01864096481628025, -25853.792909283125], [0.7795205489688516, -0.6263429977430349, -0.006493297588197355, 42378.56145561904], [-0.006615244031179783, -0.01859803831748467, 0.9998051567766338, -208.329], [0.0, 0.0, 0.0, 1.0]], [[-0.6090114462957522, -0.7930502547685031, -0.01327974745123182, -25854.164505117154], [0.7931539231285089, -0.6089931720582967, -0.00584556346551076, 42379.02439981838], [-0.0034514499288699854, -0.014092898849644651, 0.9998947333071627, -208.33700000000002], [0.0, 0.0, 0.0, 1.0]], [[-0.5897494622067978, -0.8075712875580947, -0.0049180624796468266, -25854.55630986662], [0.8075776069118309, -0.5897040099472348, -0.00822128133029122, 42379.54440212416], [0.003739069583861832, -0.008820213371146085, 0.9999541105444462, -208.34900000000002], [0.0, 0.0, 0.0, 1.0]], [[-0.5712288214150251, -0.8207882718437395, -0.0020606767259887812, -25854.898444525337], [0.820739254868612, -0.5711629556356187, -0.012647277465912876, 42380.02317763515], [0.009203754805349615, -0.00891576768157534, 0.9999178966215833, -208.353], [0.0, 0.0, 0.0, 1.0]], [[-0.5516189942103028, -0.8340932054812535, -0.0022382574519436956, -25855.23216761705], [0.8340114861248552, -0.5515227319030296, -0.015732679556561366, 42380.5021381446], [0.011888071257543355, -0.010545177297048966, 0.9998737285265322, -208.35], [0.0, 0.0, 0.0, 1.0]], [[-0.5326969749103455, -0.8463044170367517, -0.0016633176036238038, -25855.54919237391], [0.8462379308345013, -0.532628132215428, -0.013734525461274825, 42380.983755757494], [0.010737659815281426, -0.008723902612261424, 0.9999042935125857, -208.341], [0.0, 0.0, 0.0, 1.0]], [[-0.514184780410724, -0.8576192116657604, -0.010163630049109763, -25855.842410997688], [0.8576790000108085, -0.5141364946964869, -0.007099138093365303, 42381.46868980767], [0.0008628640882971438, -0.012367400818642712, 0.9999231484781999, -208.321], [0.0, 0.0, 0.0, 1.0]], [[-0.49487476783679374, -0.8688662924674675, -0.013051052536751448, -25856.13613345838], [0.8689081951943117, -0.49495767405098284, 0.003930549860382583, 42381.950834206524], [-0.009874840892056811, -0.00939503655546707, 0.9999071060880996, -208.308], [0.0, 0.0, 0.0, 1.0]], [[-0.47551062377752107, -0.8796744382837994, -0.007907547331176358, -25856.41973310818], [0.8796523805753236, -0.4755631402910657, 0.007168608279592744, 42382.44812691729], [-0.010066579502441806, -0.0035471434397354824, 0.9999430392530061, -208.315], [0.0, 0.0, 0.0, 1.0]], [[-0.4561020270663573, -0.8899053058377222, -0.006283911825439768, -25856.683196572314], [0.8899135275533976, -0.45612305645318313, 0.002381354504183894, 42382.95500044907], [-0.004985417076655695, -0.00450599752288974, 0.9999774205465319, -208.327], [0.0, 0.0, 0.0, 1.0]], [[-0.43620230003221716, -0.8998445125920851, -0.0027215077652370675, -25856.945372105645], [0.8998485821073104, -0.43619931606671764, -0.0016388844958439602, 42383.459454916694], [0.0002876213944907634, -0.0031638300903168866, 0.9999949537138141, -208.336], [0.0, 0.0, 0.0, 1.0]], [[-0.41660012400625646, -0.9090735827295465, -0.005436714194992916, -25857.18696828147], [0.9090796023599701, -0.4165596013603936, -0.007237063458922461, 42383.97572303921], [0.004314307709267083, -0.007957367512957211, 0.9999590326864664, -208.34], [0.0, 0.0, 0.0, 1.0]], [[-0.3963588797858475, -0.9180642151158214, -0.007598377371454228, -25857.42579107086], [0.9180652028213081, -0.39626474541013396, -0.011425187688266732, 42384.498330427334], [0.007478086892950109, -0.011504280456101423, 0.9999058604426764, -208.34], [0.0, 0.0, 0.0, 1.0]], [[-0.3762933056866148, -0.9264506344205558, -0.009621334480705797, -25857.65122103329], [0.9264900962256734, -0.37621932151778154, -0.00866739363607568, 42385.023981108905], [0.00441018040248823, -0.012175553311854548, 0.9999161495897382, -208.332], [0.0, 0.0, 0.0, 1.0]], [[-0.356672555779366, -0.9341305017786272, -0.013597558627373742, -25857.86230697575], [0.9342289702077747, -0.3566495233016061, -0.00416518346026135, 42385.5630027448], [-0.0009587378867845129, -0.014188839823852575, 0.9998988737097954, -208.321], [0.0, 0.0, 0.0, 1.0]], [[-0.3362517888668494, -0.941683004366676, -0.012955839254735008, -25858.07416103911], [0.941752755624803, -0.336301283518899, 0.0017871700061950625, 42386.11136152829], [-0.0060400129911796965, -0.011600258207986422, 0.9999144724688078, -208.316], [0.0, 0.0, 0.0, 1.0]], [[-0.31585622190697704, -0.9487240646213323, -0.0125497526281876, -25858.27201748586], [0.9487752847692464, -0.3159262703820157, 0.004006331681832521, 42386.67384723153], [-0.007765699819449574, -0.010641470334862445, 0.999913222742567, -208.318], [0.0, 0.0, 0.0, 1.0]], [[-0.2959604897386904, -0.9551218045469411, -0.01223629815873718, -25858.460458814654], [0.9551745423141581, -0.2960221213114069, 0.003535167497196001, 42387.24843425161], [-0.006998730497245779, -0.010641530589612931, 0.9999188845092072, -208.323], [0.0, 0.0, 0.0, 1.0]], [[-0.2775920254324555, -0.9606277334615717, -0.011705772968523527, -25858.640834813767], [0.9606735580766933, -0.2776528181364498, 0.003902229254366725, 42387.832119665945], [-0.006998730497245779, -0.010162198845288035, 0.9999238708452037, -208.327], [0.0, 0.0, 0.0, 1.0]], [[-0.26180244834767713, -0.9650703068076677, -0.009938860966729548, -25858.809955741937], [0.965082911682169, -0.2618701715662786, 0.006243942898077593, 42388.42623407599], [-0.008628535114868158, -0.007957145342515804, 0.9999311137372261, -208.33], [0.0, 0.0, 0.0, 1.0]], [[-0.2484455236542317, -0.9686089544256998, -0.008456664976629901, -25858.971161119887], [0.9685717355953711, -0.24852505253088572, 0.010202512939999676, 42389.03081532245], [-0.011983938498880808, -0.005656118003795717, 0.9999121929185493, -208.33100000000002], [0.0, 0.0, 0.0, 1.0]], [[-0.23728628893240514, -0.9713975060351171, -0.00906103489905532, -25859.12684861997], [0.9713670217000692, -0.23737234409740274, 0.010023941901343742, 42389.64740817296], [-0.011888071257543355, -0.006423046509171861, 0.9999087049502653, -208.339], [0.0, 0.0, 0.0, 1.0]], [[-0.2282533746811618, -0.9735203619454003, -0.012589750766308755, -25859.277370316697], [0.9735772940490377, -0.22832023564924364, 0.0041379348988845235, 42390.27701554791], [-0.006902858742197426, -0.011312597878933331, 0.9999121839793806, -208.352], [0.0, 0.0, 0.0, 1.0]], [[-0.21900769531425168, -0.9756361861350953, -0.013025425018226155, -25859.42971878717], [0.9757226605008229, -0.21900119123774697, -0.001941139264306386, 42390.91483172881], [-0.0009587378867845129, -0.01313432678949735, 0.999913281380666, -208.363], [0.0, 0.0, 0.0, 1.0]], [[-0.20889299323643765, -0.9778280088442, -0.014700425045166419, -25859.572484619588], [0.9779374464792858, -0.20884705967936218, -0.004610470351147703, 42391.56034694312], [0.001438106496578116, -0.015339191082709284, 0.9998813134900725, -208.366], [0.0, 0.0, 0.0, 1.0]], [[-0.19819166461955104, -0.9800451611950394, -0.015216638706387833, -25859.711637517776], [0.9801590643825411, -0.1981213709217824, -0.006010897837689514, 42392.21599785054], [0.0028762100189343187, -0.016106036205810005, 0.9998661525492619, -208.366], [0.0, 0.0, 0.0, 1.0]], [[-0.18831555313453005, -0.9818350124087886, -0.023178888149996572, -25859.841438830026], [0.9821085699940971, -0.1882654016748193, -0.004346869720708183, 42392.877524936135], [-9.587380176390885e-05, -0.023582767870905158, 0.9997218832594199, -208.358], [0.0, 0.0, 0.0, 1.0]], [[-0.179644064266845, -0.9834112726403946, -0.02510535834218028, -25859.977783213602], [0.9837222153243667, -0.1796957510361093, -0.0002003419307292165, 42393.546626558404], [-0.004314307709267083, -0.024732688963560914, 0.9996847907443733, -208.353], [0.0, 0.0, 0.0, 1.0]], [[-0.1736048675871335, -0.9845405996359485, -0.023262794727653226, -25860.10154966435], [0.9848071566181466, -0.17365155945502153, -1.3134706896712756e-05, 42394.23056210284], [-0.004026688929534903, -0.022911646979783384, 0.9997293844880917, -208.357], [0.0, 0.0, 0.0, 1.0]], [[-0.16926130238853238, -0.9854097079741828, -0.017841495003881627, -25860.21898237728], [0.9855712061144807, -0.16923180422757453, -0.003161347169790285, 42394.92602722371], [9.587380176390885e-05, -0.0181191574891221, 0.9998358299941539, -208.366], [0.0, 0.0, 0.0, 1.0]], [[-0.16557397964248588, -0.9861115320796302, -0.013011670335287892, -25860.342981072554], [0.9861906430226106, -0.1655096978302207, -0.005878395937587334, 42395.62742907455], [0.0036431963987249745, -0.01380529694405635, 0.999898065252797, -208.371], [0.0, 0.0, 0.0, 1.0]], [[-0.1637760343764957, -0.9863541120014124, -0.016821899471047362, -25860.460164562483], [0.9864834543317432, -0.1636587350207061, -0.008137123640072543, 42396.338090331614], [0.0052730345741723575, -0.017927191339622443, 0.9998253902142373, -208.369], [0.0, 0.0, 0.0, 1.0]], [[-0.16368363332550756, -0.9863207813787578, -0.019467521715858117, -25860.58006989817], [0.9865120956026495, -0.16362669745637012, -0.0044932292608315695, 42397.05025527178], [0.0012463591094312608, -0.019940413734878676, 0.9998003933231133, -208.36], [0.0, 0.0, 0.0, 1.0]], [[-0.163304505011713, -0.9863626167280217, -0.020504315748865493, -25860.701278004686], [0.9865700070175915, -0.1633389763984918, 6.511735606752871e-06, 42397.770269504785], [-0.0033555768787436814, -0.02022787953648911, 0.9997897643971297, -208.354], [0.0, 0.0, 0.0, 1.0]], [[-0.16283015314309662, -0.9864401179129276, -0.020548357582176803, -25860.823468655148], [0.9866395066395468, -0.16290575347674413, 0.0020492491907787274, 42398.50004120543], [-0.005368907288018821, -0.01994014182756905, 0.9997867600535771, -208.354], [0.0, 0.0, 0.0, 1.0]], [[-0.16321014520690683, -0.9864359314515675, -0.017510044055311872, -25860.947805122363], [0.9865868513321687, -0.16323716326544782, 0.0001153582543233808, 42399.242014885924], [-0.0029720834472962386, -0.017256351593778762, 0.9998466807714342, -208.362], [0.0, 0.0, 0.0, 1.0]], [[-0.16387261664107033, -0.986337879587014, -0.016833086674826532, -25861.071587145558], [0.9864799984691462, -0.16387835757530447, -0.0010471574542626656, 42399.989770423366], [-0.0017257275341621416, -0.016777103749279106, 0.9998577652117644, -208.365], [0.0, 0.0, 0.0, 1.0]], [[-0.1642498289689644, -0.9862602561211204, -0.01768335034906796, -25861.19785250965], [0.98641055319777, -0.1642952455900748, 0.0011370209172676337, 42400.74199325921], [-0.004026688929534903, -0.01725628790901876, 0.9998429908259926, -208.364], [0.0, 0.0, 0.0, 1.0]], [[-0.1644345077778163, -0.9861771486274454, -0.02039421920321183, -25861.326143945247], [0.9863519215492729, -0.16457018738454499, 0.005151725950875572, 42401.50117993767], [-0.008436794884578543, -0.019268755778646642, 0.9997787432941443, -208.36100000000002], [0.0, 0.0, 0.0, 1.0]], [[-0.16471509520422614, -0.9861071908357435, -0.0214836122172527, -25861.456711914092], [0.9862858276324495, -0.16489754194654072, 0.00700477489738459, 42402.26932586091], [-0.010450053743254294, -0.02003519009212081, 0.9997446611684084, -208.366], [0.0, 0.0, 0.0, 1.0]], [[-0.16519043729568708, -0.9860126344841563, -0.022163123960155746, -25861.58682945311], [0.9862222478602334, -0.16534308722031343, 0.005228894143522945, 42403.04671032328], [-0.008820275027912486, -0.020994002621448387, 0.9997406936812978, -208.376], [0.0, 0.0, 0.0, 1.0]], [[-0.1654787303349862, -0.9859668340361754, -0.022049761617804555, -25861.71899382119], [0.9862021701911379, -0.16554199014334023, 0.0010625486681222073, 42403.830681030624], [-0.004697799166715411, -0.02156969355515612, 0.9997563098090083, -208.388], [0.0, 0.0, 0.0, 1.0]], [[-0.16576410593944382, -0.985920080054976, -0.02199674808889854, -25861.853468042682], [0.986165358402702, -0.16573152613633066, -0.003308644887711946, 42404.61843214948], [-0.0003834951982431209, -0.022240885524465265, 0.9997525673598046, -208.39600000000002], [0.0, 0.0, 0.0, 1.0]], [[-0.16557507847520583, -0.9859184368053713, -0.02344630792219806, -25861.98694349975], [0.9861971878827933, -0.1655282782692366, -0.003936458470852143, 42405.40432908392], [-0.0, -0.023774462359331516, 0.9997173475235511, -208.39600000000002], [0.0, 0.0, 0.0, 1.0]], [[-0.1649130649590845, -0.9860044235745505, -0.0244736122633967, -25862.12119558434], [0.9863075427066411, -0.16488872592454207, -0.003023121394949799, 42406.18906358595], [-0.001054611676459362, -0.02463706058765047, 0.9996959052831077, -208.395], [0.0, 0.0, 0.0, 1.0]], [[-0.1634942653839673, -0.9862327118357753, -0.024792403909453063, -25862.255127100692], [0.9865426027068199, -0.1634887538643295, -0.0022628310459219493, 42406.97107991165], [-0.0018216012216118254, -0.024828722579731604, 0.9996900601206596, -208.395], [0.0, 0.0, 0.0, 1.0]], [[-0.1624540980480092, -0.9864334615866983, -0.023615501042571582, -25862.386557767633], [0.9867160275169552, -0.16241685344670542, -0.0034995367737282934, 42407.75342232415], [-0.0003834951982431209, -0.02387030746671062, 0.9997149900611062, -208.398], [0.0, 0.0, 0.0, 1.0]], [[-0.1619807319269902, -0.9865458541342076, -0.022125102824699833, -25862.516440045845], [0.9867922396600948, -0.16189834714117204, -0.00547731134504784, 42408.53505383845], [0.0018216012216118254, -0.022720098669758295, 0.9997402056961728, -208.401], [0.0, 0.0, 0.0, 1.0]], [[-0.1617914123217341, -0.9867116673516103, -0.014954076739932485, -25862.64896636451], [0.9868222962823023, -0.16173706118832895, -0.004783157773554638, 42409.31216089552], [0.0023009691572484854, -0.015530890198823024, 0.9998767408988818, -208.40200000000002], [0.0, 0.0, 0.0, 1.0]], [[-0.1616969611104298, -0.9867664736961209, -0.012083838668850955, -25862.772176307546], [0.9868385967612381, -0.1616607405292852, -0.003922870611383037, 42410.086697497565], [0.0019174748923177283, -0.012559114652148116, 0.9999192927077623, -208.4], [0.0, 0.0, 0.0, 1.0]], [[-0.16112949170859717, -0.9868856100083222, -0.009699467007560178, -25862.90115196208], [0.9869332318731914, -0.16111883900998358, -0.0018749774431799599, 42410.85759591365], [0.0002876213944907634, -0.009874840483603431, 0.9999512012090174, -208.397], [0.0, 0.0, 0.0, 1.0]], [[-0.16046681731154241, -0.9870010768346086, -0.008903643592772813, -25863.029312973595], [0.9870395545827397, -0.16047666287412882, 0.0003979470941234272, 42411.626403382455], [-0.0018216012216118254, -0.008724391102321578, 0.9999602825957055, -208.395], [0.0, 0.0, 0.0, 1.0]], [[-0.16018269302290342, -0.9870608053085895, -0.007243720003493939, -25863.15299405685], [0.9870837342964538, -0.1601977450157222, 0.0015440140043322635, 42412.394930782415], [-0.002684463316608952, -0.006902833869967699, 0.9999725718944823, -208.39600000000002], [0.0, 0.0, 0.0, 1.0]], [[-0.1595199538184389, -0.9871787324800295, -0.005615556329106277, -25863.2772717441], [0.987189634524236, -0.15953478428909443, 0.002297409353479113, 42413.15992414405], [-0.003163830221182504, -0.005177136366211648, 0.9999815935492898, -208.398], [0.0, 0.0, 0.0, 1.0]], [[-0.15838372585959642, -0.9873722605950419, -0.0032579733376769298, -25863.40325007548], [0.9873701882258014, -0.15839448465814943, 0.0033613439016186948, 42413.9217130815], [-0.0038349427346299368, -0.0026844435766229108, 0.9999890434284299, -208.4], [0.0, 0.0, 0.0, 1.0]], [[-0.15762437720431222, -0.9874946288413649, -0.0029855854379887523, -25863.524380758572], [0.9874788690524293, -0.15763979383198296, 0.005931152969276579, 42414.68217569862], [-0.006327628772909453, -0.002013308238878807, 0.999977953609002, -208.4], [0.0, 0.0, 0.0, 1.0]], [[-0.15724371987564673, -0.9875571306619775, -0.0023078644568141097, -25863.646065717112], [0.9875269903735961, -0.15725711921889832, 0.00778728056774665, 42415.44023071312], [-0.008053312569169932, -0.0010545774770400103, 0.9999670154675144, -208.403], [0.0, 0.0, 0.0, 1.0]], [[-0.15667580361339606, -0.9876496168954138, -0.0009627089066268703, -25863.767520333186], [0.9876180292429624, -0.15667849732976785, 0.007904226004677212, 42416.19683939803], [-0.007957441570230497, 0.0002876122881272282, 0.9999682976988962, -208.41], [0.0, 0.0, 0.0, 1.0]], [[-0.15610783241315615, -0.9877395826086022, -0.000928228124023254, -25863.88646516205], [0.987709490976765, -0.15611032709947983, 0.007715387696885641, 42416.95127685793], [-0.007765699819449574, 0.00028761272169862477, 0.9999698051367534, -208.416], [0.0, 0.0, 0.0, 1.0]], [[-0.15563673434036776, -0.9878134711512175, -0.0013240604398744773, -25864.005502747124], [0.9877992423104128, -0.15564162818606242, 0.005323576482565493, 42417.70617794193], [-0.005464779486860826, -0.00047936184052352554, 0.9999849530854881, -208.425], [0.0, 0.0, 0.0, 1.0]], [[-0.15535381924014385, -0.987857399317748, -0.0017173993933687984, -25864.12409656753], [0.9878518159147898, -0.15535905192541258, 0.003514936512829534, 42418.45644334804], [-0.003739069583861832, -0.0011504772977356248, 0.9999923478510395, -208.431], [0.0, 0.0, 0.0, 1.0]], [[-0.1550683417709215, -0.9878998991231228, -0.0027565726800728523, -25864.2404838355], [0.9878880951473226, -0.15508098760405212, 0.005196032134834907, 42419.2012602925], [-0.005560651635471955, -0.0019174452471150498, 0.9999827011289312, -208.431], [0.0, 0.0, 0.0, 1.0]], [[-0.15468685416641775, -0.9879585600917363, -0.0031401734921046196, -25864.358095565356], [0.9879307269767252, -0.15470684235015775, 0.00765974054931219, 42419.942105563394], [-0.008053312569169932, -0.0019174127115839069, 0.9999657332554736, -208.43200000000002], [0.0, 0.0, 0.0, 1.0]], [[-0.15411732502848835, -0.9880474086270917, -0.003188797791013868, -25864.47467221937], [0.9880114542361474, -0.1541395482793854, 0.008623569701705679, 42420.67818522794], [-0.009012015547946579, -0.0018215272481410278, 0.9999577319138283, -208.43800000000002], [0.0, 0.0, 0.0, 1.0]], [[-0.1537406838312869, -0.9880995704592422, -0.004800103472745459, -25864.58713854296], [0.9880850667974507, -0.15377014970321, 0.006530071372487861, 42421.41158775701], [-0.007190473347818418, -0.0037389729222289778, 0.9999671580479637, -208.446], [0.0, 0.0, 0.0, 1.0]], [[-0.15326879022696643, -0.9881643400401999, -0.0063178331157322815, -25864.70152750421], [0.9881699513630714, -0.15329813148764573, 0.004453100661522836, 42422.13707640126], [-0.005368907288018821, -0.005560571491542661, 0.9999701269934118, -208.453], [0.0, 0.0, 0.0, 1.0]], [[-0.15307550029780226, -0.9881939556040211, -0.006371602330305301, -25864.814748588182], [0.9881751332415776, -0.15312376893778026, 0.007938351798689623, 42422.85120748239], [-0.008820275027912486, -0.005081091808587414, 0.9999481912851609, -208.453], [0.0, 0.0, 0.0, 1.0]], [[-0.15325228399865068, -0.9881640207930352, -0.006753181423513684, -25864.921970023766], [0.9880635307486215, -0.1533376113956031, 0.014766046730895845, 42423.55626822488], [-0.015626792817622637, -0.0044096418939623344, 0.9998681705127943, -208.451], [0.0, 0.0, 0.0, 1.0]], [[-0.15286363513631274, -0.9882159310271956, -0.007872910323713653, -25865.030133815337], [0.9880594099920783, -0.1529850597585926, 0.018280421679106894, 42424.25431233008], [-0.019269441585535726, -0.004984491419676117, 0.9998019021117478, -208.458], [0.0, 0.0, 0.0, 1.0]], [[-0.15153694833147857, -0.9884203195967116, -0.007862893787742254, -25865.13983045848], [0.9882618775065588, -0.1516589158133042, 0.018385720588120363, 42424.94193257729], [-0.019365297766729923, -0.004984482186509822, 0.9998000500998878, -208.472], [0.0, 0.0, 0.0, 1.0]], [[-0.1503154098212332, -0.9885836320487271, -0.010376898169566296, -25865.241576347933], [0.9885175953029112, -0.15045268056873146, 0.01403405451867909, 42425.62156974122], [-0.01543506873404564, -0.008148211768854078, 0.9998476710470177, -208.489], [0.0, 0.0, 0.0, 1.0]], [[-0.14871846355737015, -0.9888486239799116, -0.00782415811258342, -25865.348446391414], [0.9888568043551703, -0.14876408014137177, 0.005609718368326576, 42426.29516369579], [-0.006711115973933693, -0.006902703291251735, 0.9999536557309331, -208.51], [0.0, 0.0, 0.0, 1.0]], [[-0.1479631531648268, -0.9889613773156486, -0.007893002182773948, -25865.444761741524], [0.9889918286594821, -0.14796988953490348, 0.00027319553795685696, 42426.95605918316], [-0.001438106496578116, -0.007765691789128234, 0.9999688124540389, -208.52100000000002], [0.0, 0.0, 0.0, 1.0]], [[-0.1478684013436023, -0.9889808303862274, -0.007200903599915454, -25865.54179749394], [0.9890062600777902, -0.1478735400034708, 0.0001835586669734846, 42427.60594213957], [-0.0012463591094312608, -0.007094596211894948, 0.9999740563102427, -208.522], [0.0, 0.0, 0.0, 1.0]], [[-0.1474886547421367, -0.9890379567688812, -0.0071426040623391845, -25865.63972231173], [0.9890598396714654, -0.1475045265451217, 0.0017459088620435821, 42428.24901207018], [-0.0027803365641348716, -0.00680696107936877, 0.9999729671393393, -208.52100000000002], [0.0, 0.0, 0.0, 1.0]], [[-0.1470127964152949, -0.9891036706258345, -0.007820897944342056, -25865.735663113584], [0.9891194942348043, -0.14704964088378134, 0.004362251785019234, 42428.88432180238], [-0.005464779486860826, -0.007094495785586347, 0.9999599013534034, -208.519], [0.0, 0.0, 0.0, 1.0]], [[-0.14748653445154494, -0.9890332042493817, -0.007813005034817355, -25865.829368326577], [0.9890456209895171, -0.14752742270705305, 0.004941573724519288, 42429.511931203495], [-0.0060400129911796965, -0.006998602833088992, 0.999957267987713, -208.522], [0.0, 0.0, 0.0, 1.0]], [[-0.14834035531016096, -0.988893999266994, -0.009154081067251381, -25865.920421344683], [0.9889212684393107, -0.14838288591174456, 0.004152589178694458, 42430.13113541156], [-0.005464779486860826, -0.008436668906197849, 0.9999494781252337, -208.526], [0.0, 0.0, 0.0, 1.0]], [[-0.1488140454975921, -0.988832993099527, -0.007980703006095108, -25866.01639587597], [0.9888479041874059, -0.14885432684077682, 0.004712935916628429, 42430.739474224254], [-0.005848268702414403, -0.007190350381594898, 0.9999570473848236, -208.529], [0.0, 0.0, 0.0, 1.0]], [[-0.15108824435342297, -0.9884813683536862, -0.008770794480801378, -25866.104083770373], [0.9884981441381709, -0.15113829042162796, 0.005351280577520545, 42431.33685247802], [-0.006615244031179783, -0.007861398479389325, 0.9999472170871602, -208.532], [0.0, 0.0, 0.0, 1.0]], [[-0.156110673599968, -0.9877367187475911, -0.002373188973975667, -25866.198378679812], [0.9877274674430083, -0.15612020393709894, 0.004575148222705507, 42431.92738057938], [-0.004889544639877367, -0.001629834464162404, 0.99998671790821, -208.53900000000002], [0.0, 0.0, 0.0, 1.0]], [[-0.1654794581610623, -0.9862078034064133, 0.003273748160487453, -25866.287837257696], [0.9862065078099624, -0.16546515462163963, 0.004243413639435338, 42432.505016325726], [-0.0036431963987249745, 0.003930789530610641, 0.9999856379036983, -208.54500000000002], [0.0, 0.0, 0.0, 1.0]], [[-0.1791735729045439, -0.9837906127806741, 0.0072705554977548666, -25866.38287757756], [0.9838140728691613, -0.17914861519996889, 0.003955211312433048, 42433.07088515939], [-0.002588589811578258, 0.007861544158708586, 0.9999657470764827, -208.549], [0.0, 0.0, 0.0, 1.0]], [[-0.1968765461463832, -0.980361229983385, 0.011466661368304834, -25866.488575241543], [0.9804278180463544, -0.1968515497453447, 0.0032803907877863524, 42433.62478572335], [-0.0009587378867845129, 0.011888065793913324, 0.9999288748272769, -208.553], [0.0, 0.0, 0.0, 1.0]], [[-0.21797827161519992, -0.9758950815998445, 0.01068937850780159, -25866.596584482962], [0.9759519224186403, -0.21798526004352145, 0.000521086479174868, 42434.1679882098], [0.0018216012216118254, 0.010545905034242044, 0.9999427311881406, -208.556], [0.0, 0.0, 0.0, 1.0]], [[-0.24176825527902443, -0.9702344056900749, 0.013903551868634923, -25866.722489475942], [0.9703221792018573, -0.2418112720296947, -0.0014755569592442416, 42434.70120214387], [0.00479367169249964, 0.013134181916218589, 0.9999022522112331, -208.559], [0.0, 0.0, 0.0, 1.0]], [[-0.26892125273573875, -0.963030947580696, 0.015898233514068237, -25866.852728849255], [0.9631292950329656, -0.2690118100806648, -0.0038219218237714, 42435.22795873286], [0.007957441570230497, 0.014284258431967343, 0.9998663106059256, -208.56], [0.0, 0.0, 0.0, 1.0]], [[-0.29815692711284125, -0.9543638918198897, 0.01708826512615581, -25867.000638416313], [0.9544890549395034, -0.2982371175779911, -0.002294711194250592, 42435.74103803764], [0.007286344441580877, 0.01562637799253094, 0.999851351699598, -208.555], [0.0, 0.0, 0.0, 1.0]], [[-0.3300159494014289, -0.9437312128913358, 0.02146790523832457, -25867.16560020564], [0.9439606285471089, -0.3300524854741743, 0.001920568995601728, 42436.24321338804], [0.0052730345741723575, 0.02089867572283309, 0.9997676932464918, -208.548], [0.0, 0.0, 0.0, 1.0]], [[-0.3643619374012749, -0.9310255956042638, 0.020777846445565358, -25867.335501675632], [0.931252976365239, -0.36433840754170255, 0.005041706145728966, 42436.73872791111], [0.0028762100189343187, 0.02118643716395836, 0.99977140502028, -208.542], [0.0, 0.0, 0.0, 1.0]], [[-0.39927198099755, -0.9166336163895236, 0.019097080796701596, -25867.528120350024], [0.916830718813065, -0.39922595350836293, 0.006330172671969587, 42437.22074593528], [0.0018216012216118254, 0.020036250896864956, 0.9997975947255461, -208.538], [0.0, 0.0, 0.0, 1.0]], [[-0.4345622882033915, -0.9005024331836803, 0.015842521948983748, -25867.73849222828], [0.9006417758907516, -0.4344969225090456, 0.007537628972144069, 42437.68965095837], [9.587380176390885e-05, 0.017544006396484037, 0.9998460874793551, -208.53300000000002], [0.0, 0.0, 0.0, 1.0]], [[-0.47038021312424766, -0.8824115090923689, 0.009611645151347435, -25867.96178014573], [0.8824600581918565, -0.47